0 0.032407 0.700000 0.050000 0.148000
0 0.115741 0.610000 0.064815 0.112000
0 0.166667 0.700000 0.103704 0.188000
0 0.226389 0.621000 0.043519 0.106000
0 0.270833 0.733000 0.089815 0.166000
0 0.313889 0.644000 0.057407 0.124000
0 0.256019 0.590000 0.047222 0.132000
0 0.311111 0.603000 0.059259 0.086000
0 0.365741 0.624000 0.031481 0.100000
0 0.404167 0.602000 0.054630 0.120000
0 0.645833 0.600000 0.017593 0.032000
0 0.511574 0.539000 0.037963 0.090000
0 0.633333 0.637000 0.046296 0.082000
0 0.662037 0.722000 0.074074 0.188000
0 0.725926 0.589000 0.025926 0.054000
0 0.734722 0.638000 0.043519 0.120000
0 0.793519 0.622000 0.072222 0.124000
0 0.849537 0.733000 0.112037 0.234000
0 0.928704 0.631000 0.077778 0.134000
0 0.910185 0.869000 0.172222 0.262000
0 0.968519 0.731000 0.062963 0.134000
