0 0.037037 0.725000 0.068519 0.194000
0 0.114352 0.620000 0.067593 0.132000
0 0.169907 0.733000 0.112037 0.206000
0 0.227778 0.612000 0.059259 0.108000
0 0.256944 0.723000 0.084259 0.182000
0 0.269444 0.618000 0.042593 0.116000
0 0.302778 0.585000 0.037037 0.050000
0 0.316204 0.633000 0.058333 0.138000
0 0.371296 0.634000 0.048148 0.100000
0 0.399537 0.602000 0.056481 0.100000
0 0.670370 0.712000 0.081481 0.148000
0 0.505093 0.529000 0.041667 0.082000
0 0.644444 0.600000 0.029630 0.032000
0 0.728241 0.647000 0.050926 0.106000
0 0.718056 0.587000 0.041667 0.086000
0 0.793981 0.619000 0.065741 0.126000
0 0.853704 0.716000 0.096296 0.176000
0 0.937963 0.616000 0.068519 0.136000
0 0.928704 0.861000 0.142593 0.266000
0 0.967130 0.721000 0.065741 0.138000
