0 0.031944 0.722000 0.052778 0.152000
0 0.118056 0.608000 0.047222 0.096000
0 0.167593 0.726000 0.094444 0.240000
0 0.222685 0.624000 0.058333 0.108000
0 0.254630 0.718000 0.066667 0.156000
0 0.268519 0.614000 0.040741 0.108000
0 0.315278 0.651000 0.054630 0.122000
0 0.305093 0.591000 0.036111 0.062000
0 0.370833 0.622000 0.039815 0.088000
0 0.398148 0.580000 0.046296 0.100000
0 0.508796 0.532000 0.037963 0.068000
0 0.638426 0.592000 0.021296 0.024000
0 0.645370 0.631000 0.044444 0.090000
0 0.671296 0.715000 0.107407 0.210000
0 0.734259 0.648000 0.048148 0.088000
0 0.719907 0.603000 0.037963 0.046000
0 0.794444 0.621000 0.061111 0.130000
0 0.848148 0.718000 0.112963 0.228000
0 0.928704 0.871000 0.133333 0.258000
0 0.937037 0.616000 0.055556 0.100000
0 0.967130 0.723000 0.065741 0.154000
