0 0.028704 0.709000 0.048148 0.162000
0 0.120370 0.623000 0.053704 0.122000
0 0.169907 0.706000 0.082407 0.180000
0 0.234722 0.628000 0.063889 0.128000
0 0.265741 0.717000 0.092593 0.142000
0 0.258333 0.616000 0.064815 0.100000
0 0.318981 0.654000 0.054630 0.120000
0 0.301389 0.592000 0.030556 0.072000
0 0.368981 0.635000 0.036111 0.102000
0 0.395833 0.600000 0.043519 0.100000
0 0.511111 0.535000 0.042593 0.074000
0 0.643056 0.595000 0.045370 0.070000
0 0.640741 0.638000 0.040741 0.096000
0 0.663889 0.709000 0.111111 0.166000
0 0.732870 0.646000 0.047222 0.080000
0 0.725463 0.601000 0.037963 0.094000
0 0.794907 0.614000 0.054630 0.096000
0 0.855556 0.730000 0.127778 0.212000
0 0.936574 0.611000 0.058333 0.126000
0 0.924074 0.864000 0.151852 0.272000
0 0.963426 0.717000 0.073148 0.122000
