0 0.037500 0.713000 0.063889 0.154000
0 0.119444 0.613000 0.057407 0.118000
0 0.164815 0.726000 0.105556 0.212000
0 0.264815 0.725000 0.085185 0.158000
0 0.228704 0.626000 0.048148 0.100000
0 0.279630 0.620000 0.064815 0.124000
0 0.311574 0.642000 0.073148 0.136000
0 0.298611 0.584000 0.036111 0.052000
0 0.368519 0.632000 0.038889 0.120000
0 0.408333 0.608000 0.044444 0.116000
0 0.506019 0.537000 0.032407 0.074000
0 0.649537 0.601000 0.026852 0.030000
0 0.644444 0.637000 0.062963 0.066000
0 0.668981 0.724000 0.075000 0.152000
0 0.718981 0.593000 0.021296 0.034000
0 0.726389 0.659000 0.045370 0.134000
0 0.796296 0.622000 0.057407 0.124000
0 0.857870 0.726000 0.082407 0.172000
0 0.932870 0.609000 0.054630 0.102000
0 0.925000 0.872000 0.150000 0.256000
0 0.965741 0.721000 0.068519 0.134000
