0 0.504630 0.528000 0.027778 0.060000
0 0.119907 0.616000 0.052778 0.092000
0 0.028704 0.710000 0.051852 0.128000
0 0.175463 0.722000 0.089815 0.172000
0 0.222685 0.613000 0.039815 0.110000
0 0.266667 0.614000 0.038889 0.100000
0 0.306481 0.584000 0.031481 0.056000
0 0.318056 0.638000 0.050926 0.096000
0 0.374074 0.629000 0.037037 0.078000
0 0.396759 0.597000 0.036111 0.066000
0 0.641667 0.593000 0.029630 0.026000
0 0.636111 0.626000 0.040741 0.060000
0 0.664815 0.745000 0.087037 0.230000
0 0.728704 0.657000 0.050000 0.114000
0 0.787037 0.614000 0.046296 0.096000
0 0.849537 0.724000 0.086111 0.188000
0 0.928704 0.631000 0.066667 0.122000
0 0.938426 0.872000 0.123148 0.256000
0 0.970833 0.701000 0.058333 0.118000
