0 0.036574 0.712000 0.052778 0.164000
0 0.113889 0.615000 0.062963 0.142000
0 0.179167 0.725000 0.137963 0.222000
0 0.223148 0.625000 0.050000 0.126000
0 0.267593 0.605000 0.040741 0.114000
0 0.251389 0.718000 0.078704 0.164000
0 0.303241 0.582000 0.034259 0.052000
0 0.318981 0.653000 0.054630 0.134000
0 0.372222 0.628000 0.042593 0.104000
0 0.394907 0.601000 0.037963 0.086000
0 0.504167 0.523000 0.047222 0.094000
0 0.661574 0.732000 0.091667 0.192000
0 0.631944 0.636000 0.045370 0.092000
0 0.650463 0.593000 0.036111 0.078000
0 0.721759 0.593000 0.026852 0.022000
0 0.722685 0.641000 0.054630 0.094000
0 0.792130 0.615000 0.058333 0.118000
0 0.851389 0.714000 0.091667 0.192000
0 0.937500 0.626000 0.050926 0.148000
0 0.922222 0.871000 0.142593 0.258000
0 0.968056 0.734000 0.063889 0.136000
