0 0.033333 0.708000 0.050000 0.144000
0 0.114352 0.611000 0.075000 0.126000
0 0.165741 0.734000 0.125926 0.208000
0 0.265278 0.734000 0.087963 0.144000
0 0.224537 0.616000 0.041667 0.100000
0 0.261111 0.602000 0.055556 0.104000
0 0.304630 0.592000 0.046296 0.028000
0 0.318981 0.647000 0.056481 0.106000
0 0.375000 0.614000 0.037037 0.080000
0 0.397222 0.587000 0.048148 0.086000
0 0.508796 0.513000 0.032407 0.082000
0 0.640741 0.594000 0.035185 0.028000
0 0.635648 0.615000 0.037963 0.062000
0 0.674537 0.724000 0.099074 0.164000
0 0.732407 0.644000 0.053704 0.112000
0 0.719444 0.594000 0.033333 0.032000
0 0.794444 0.613000 0.059259 0.098000
0 0.850463 0.714000 0.082407 0.176000
0 0.934259 0.615000 0.061111 0.138000
0 0.916667 0.863000 0.166667 0.274000
0 0.967130 0.714000 0.065741 0.124000
